     1	0 49 0 10.189000
     2	0 349 0 10.588000
     3	0 649 0 11.064000
     4	0 949 0 11.623000
     5	0 1249 0 12.201000
     6	0 1549 0 12.774000
     7	0 1849 0 13.343000
     8	0 2149 0 13.911000
     9	0 2449 0 14.477000
    10	0 2749 0 15.043000
    11	0 3049 0 15.608000
    12	0 3349 0 16.174000
    13	0 3649 0 16.739000
    14	0 3949 0 17.304000
    15	0 4249 0 17.869000
    16	0 4549 0 18.434000
    17	0 4849 0 18.999000
    18	0 5149 0 19.564000
    19	0 5449 0 20.129000
    20	0 5749 0 20.694000
    21	0 6049 0 21.259000
    22	0 6349 0 21.824000
    23	0 6649 0 22.388000
    24	0 6949 0 22.953000
    25	0 7249 0 23.518000
    26	0 7549 0 24.083000
    27	0 7849 0 24.648000
    28	0 8149 0 25.213000
    29	0 8449 0 25.778000
    30	0 8749 0 26.343000
    31	0 9049 0 26.908000
    32	0 9349 0 27.473000
    33	0 9649 0 28.038000
    34	0 9949 0 28.603000
    35	0 10297 0 29.167000
    36	0 10593 0 29.732000
    37	0 10891 0 30.297000
    38	0 11186 0 30.862000
    39	0 11449 0 31.427000
    40	0 11796 0 31.991000
    41	0 12094 0 32.556000
    42	0 12397 0 33.120000
    43	0 12700 0 33.684000
    44	0 13000 0 34.248000
    45	0 13298 0 34.812000
    46	0 13600 0 35.375000
    47	0 13899 0 35.938000
    48	0 14200 0 36.500000
    49	0 14498 0 37.062000
    50	0 14804 0 37.622000
    51	0 15099 0 38.186000
    52	0 15407 0 38.751000
    53	0 15700 0 39.318000
    54	0 16001 0 39.884000
    55	0 16300 0 40.451000
    56	0 16605 0 41.017000
    57	0 16904 0 41.584000
    58	0 17207 0 42.151000
    59	0 17490 0 42.719000
    60	0 17787 0 43.286000
    61	0 18086 0 43.853000
    62	0 18321 0 44.421000
    63	0 18619 0 44.986000
    64	0 18915 0 45.551000
    65	0 19225 0 46.115000
    66	0 19523 0 46.680000
    67	0 19823 0 47.245000
    68	0 20127 0 47.810000
    69	0 20425 0 48.375000
    70	0 20725 0 48.940000
    71	0 21025 0 49.505000
    72	0 21323 0 50.070000
    73	0 21623 0 50.635000
    74	0 21921 0 51.200000
    75	0 22219 0 51.765000
    76	0 22517 0 52.330000
    77	0 22807 0 52.895000
    78	0 23129 0 53.459000
    79	0 23429 0 54.024000
    80	0 23727 0 54.589000
    81	0 24027 0 55.154000
    82	0 24327 0 55.719000
    83	0 24625 0 56.284000
    84	0 24927 0 56.849000
    85	0 25225 0 57.414000
    86	0 25523 0 57.979000
    87	0 25823 0 58.544000
    88	0 26119 0 59.109000
    89	0 26431 0 59.673000
    90	0 26733 0 60.238000
    91	0 27033 0 60.803000
    92	0 27331 0 61.368000
    93	0 27631 0 61.933000
    94	0 27929 0 62.498000
    95	0 28229 0 63.063000
    96	0 28527 0 63.628000
    97	0 28829 0 64.193000
    98	0 29127 0 64.758000
    99	0 29427 0 65.323000
   100	0 29723 0 65.888000
   101	0 30267 0 66.452000
   102	0 30569 0 67.017000
   103	0 30869 0 67.582000
   104	0 31169 0 68.147000
   105	0 31469 0 68.712000
   106	0 31769 0 69.277000
   107	0 32069 0 69.842000
   108	0 32371 0 70.407000
   109	0 32671 0 70.972000
   110	0 32971 0 71.537000
   111	0 33025 0 72.102000
   112	0 33573 0 72.666000
   113	0 33873 0 73.231000
   114	0 34173 0 73.796000
   115	0 34473 0 74.361000
   116	0 34773 0 74.926000
   117	0 35073 0 75.491000
   118	0 35373 0 76.056000
   119	0 35673 0 76.621000
   120	0 35973 0 77.186000
   121	0 36273 0 77.751000
   122	0 36573 0 78.316000
   123	0 36619 0 78.881000
   124	0 37175 0 79.445000
   125	0 37475 0 80.010000
   126	0 37777 0 80.575000
   127	0 38077 0 81.140000
   128	0 38377 0 81.705000
   129	0 38677 0 82.270000
   130	0 38977 0 82.835000
   131	0 39277 0 83.400000
   132	0 39577 0 83.965000
   133	0 39877 0 84.530000
   134	0 39935 0 85.095000
   135	0 40479 0 85.659000
   136	0 40779 0 86.224000
   137	0 41079 0 86.789000
   138	0 41379 0 87.354000
   139	0 41679 0 87.919000
   140	0 41979 0 88.484000
   141	0 42279 0 89.049000
   142	0 42579 0 89.614000
   143	0 42879 0 90.179000
   144	0 43179 0 90.744000
   145	0 43483 0 91.308000
   146	0 43783 0 91.873000
   147	0 44083 0 92.438000
   148	0 44383 0 93.003000
   149	0 44683 0 93.568000
   150	0 44983 0 94.133000
   151	0 45283 0 94.698000
   152	0 45583 0 95.263000
   153	0 45883 0 95.828000
   154	0 46183 0 96.393000
   155	0 46483 0 96.958000
   156	0 46787 0 97.522000
   157	0 47087 0 98.087000
   158	0 47385 0 98.652000
   159	0 47685 0 99.217000
   160	0 47985 0 99.782000
   161	0 48285 0 100.347000
   162	0 48585 0 100.912000
   163	0 48885 0 101.477000
   164	0 49185 0 102.042000
   165	0 49485 0 102.607000
   166	0 49785 0 103.172000
   167	0 50089 0 103.736000
   168	0 50389 0 104.301000
   169	0 50689 0 104.866000
   170	0 50989 0 105.431000
   171	0 51287 0 105.996000
   172	0 51587 0 106.561000
   173	0 51887 0 107.126000
   174	0 52187 0 107.691000
   175	0 52487 0 108.256000
   176	0 52787 0 108.821000
   177	0 53093 0 109.385000
   178	0 53393 0 109.950000
   179	0 53691 0 110.515000
   180	0 53991 0 111.080000
   181	0 54291 0 111.645000
   182	0 54591 0 112.210000
   183	0 54889 0 112.775000
   184	0 55189 0 113.340000
   185	0 55489 0 113.905000
   186	0 55789 0 114.470000
   187	0 56089 0 115.035000
   188	0 56395 0 115.599000
   189	0 56695 0 116.164000
   190	0 56993 0 116.729000
   191	0 57293 0 117.294000
   192	0 57593 0 117.859000
   193	0 57893 0 118.424000
   194	0 58191 0 118.989000
   195	0 58491 0 119.554000
   196	0 58791 0 120.119000
   197	0 59091 0 120.684000
   198	0 59399 0 121.248000
   199	0 59697 0 121.813000
   200	0 59997 0 122.378000
   201	0 60295 0 122.943000
   202	0 60595 0 123.508000
   203	0 60895 0 124.073000
   204	0 61193 0 124.638000
   205	0 61493 0 125.203000
   206	0 61793 0 125.768000
   207	0 62093 0 126.333000
   208	0 62126 0 126.898000
   209	0 62425 0 127.463000
   210	0 62999 0 128.027000
   211	0 63297 0 128.592000
   212	0 63597 0 129.157000
   213	0 63897 0 129.722000
   214	0 64197 0 130.287000
   215	0 64495 0 130.852000
   216	0 64795 0 131.417000
   217	0 65095 0 131.982000
   218	0 65374 0 132.547000
   219	0 65426 0 133.112000
   220	0 65725 0 133.677000
   221	0 66025 0 134.242000
   222	0 66599 0 134.806000
   223	0 66899 0 135.371000
   224	0 67199 0 135.936000
   225	0 67497 0 136.501000
   226	0 67797 0 137.066000
   227	0 68097 0 137.631000
   228	0 68378 0 138.196000
   229	0 68675 0 138.761000
   230	0 68726 0 139.326000
   231	0 69026 0 139.891000
   232	0 69325 0 140.456000
   233	0 69625 0 141.021000
   234	0 70199 0 141.585000
   235	0 70499 0 142.150000
   236	0 70799 0 142.715000
   237	0 71099 0 143.280000
   238	0 71399 0 143.845000
   239	0 71677 0 144.410000
   240	0 71975 0 144.975000
   241	0 72275 0 145.540000
   242	0 72574 0 146.105000
   243	0 72874 0 146.670000
   244	0 72925 0 147.235000
   245	0 73225 0 147.800000
   246	0 73525 0 148.365000
   247	0 73825 0 148.930000
   248	0 74399 0 149.494000
   249	0 74680 0 150.059000
   250	0 74978 0 150.624000
   251	0 75278 0 151.189000
   252	0 75577 0 151.754000
   253	0 75877 0 152.319000
   254	0 76176 0 152.884000
   255	0 76474 0 153.449000
   256	0 76774 0 154.014000
   257	0 76825 0 154.579000
   258	0 77125 0 155.144000
   259	0 77425 0 155.709000
   260	0 77725 0 156.274000
   261	0 78025 0 156.839000
   262	0 78325 0 157.404000
   263	0 78877 0 157.968000
   264	0 79177 0 158.533000
   265	0 79477 0 159.098000
   266	0 79776 0 159.663000
   267	0 80076 0 160.228000
   268	0 80376 0 160.793000
   269	0 80676 0 161.358000
   270	0 80976 0 161.923000
   271	0 81275 0 162.488000
   272	0 81575 0 163.053000
   273	0 81875 0 163.618000
   274	0 82175 0 164.183000
   275	0 82225 0 164.748000
   276	0 82525 0 165.313000
   277	0 82825 0 165.878000
   278	0 83125 0 166.443000
   279	0 83425 0 167.008000
   280	0 83976 0 167.572000
   281	0 84276 0 168.137000
   282	0 84576 0 168.702000
   283	0 84876 0 169.267000
   284	0 85176 0 169.832000
   285	0 85476 0 170.397000
   286	0 85775 0 170.962000
   287	0 86075 0 171.527000
   288	0 86375 0 172.092000
   289	0 86675 0 172.657000
   290	0 86975 0 173.222000
   291	0 87275 0 173.787000
   292	0 87575 0 174.352000
   293	0 87875 0 174.917000
   294	0 88175 0 175.482000
   295	0 88476 0 176.046000
   296	0 88775 0 176.610000
   297	0 89075 0 177.169000
   298	0 89375 0 177.707000
   299	0 89306 0 178.220000
   300	0 89582 0 178.682000
