     1	0 99 0 10.189000
     2	0 399 0 10.588000
     3	0 699 0 11.064000
     4	0 999 0 11.623000
     5	0 1299 0 12.201000
     6	0 1599 0 12.774000
     7	0 1899 0 13.343000
     8	0 2199 0 13.911000
     9	0 2499 0 14.477000
    10	0 2799 0 15.043000
    11	0 3099 0 15.608000
    12	0 3399 0 16.174000
    13	0 3699 0 16.739000
    14	0 3999 0 17.304000
    15	0 4299 0 17.869000
    16	0 4599 0 18.434000
    17	0 4899 0 18.999000
    18	0 5199 0 19.564000
    19	0 5499 0 20.129000
    20	0 5799 0 20.694000
    21	0 6099 0 21.259000
    22	0 6399 0 21.824000
    23	0 6699 0 22.388000
    24	0 6999 0 22.953000
    25	0 7299 0 23.518000
    26	0 7599 0 24.083000
    27	0 7899 0 24.648000
    28	0 8199 0 25.213000
    29	0 8499 0 25.778000
    30	0 8799 0 26.343000
    31	0 9099 0 26.908000
    32	0 9399 0 27.473000
    33	0 9699 0 28.038000
    34	0 9999 0 28.603000
    35	0 10363 0 29.167000
    36	0 10643 0 29.732000
    37	0 10941 0 30.297000
    38	0 11236 0 30.862000
    39	0 11499 0 31.427000
    40	0 11860 0 31.991000
    41	0 12144 0 32.556000
    42	0 12463 0 33.120000
    43	0 12772 0 33.684000
    44	0 13072 0 34.248000
    45	0 13366 0 34.812000
    46	0 13672 0 35.375000
    47	0 13969 0 35.938000
    48	0 14272 0 36.500000
    49	0 14566 0 37.062000
    50	0 14884 0 37.622000
    51	0 15169 0 38.186000
    52	0 15493 0 38.751000
    53	0 15772 0 39.318000
    54	0 16075 0 39.884000
    55	0 16372 0 40.451000
    56	0 16687 0 41.017000
    57	0 16984 0 41.584000
    58	0 17293 0 42.151000
    59	0 17564 0 42.719000
    60	0 17849 0 43.286000
    61	0 18168 0 43.853000
    62	0 18388 0 44.421000
    63	0 18899 0 44.986000
    64	0 19199 0 45.551000
    65	0 19499 0 46.115000
    66	0 19799 0 46.680000
    67	0 20099 0 47.245000
    68	0 20399 0 47.810000
    69	0 20655 0 48.376000
    70	0 20955 0 48.942000
    71	0 21255 0 49.508000
    72	0 21555 0 50.074000
    73	0 21855 0 50.640000
    74	0 22155 0 51.206000
    75	0 22455 0 51.771000
    76	0 22755 0 52.337000
    77	0 23055 0 52.903000
    78	0 23355 0 53.469000
    79	0 23655 0 54.035000
    80	0 23955 0 54.601000
    81	0 24255 0 55.167000
    82	0 24555 0 55.733000
    83	0 24855 0 56.299000
    84	0 25155 0 56.865000
    85	0 25455 0 57.431000
    86	0 25755 0 57.997000
    87	0 26055 0 58.563000
    88	0 26355 0 59.129000
    89	0 26655 0 59.695000
    90	0 26955 0 60.261000
    91	0 27255 0 60.827000
    92	0 27555 0 61.393000
    93	0 27855 0 61.959000
    94	0 28155 0 62.525000
    95	0 28455 0 63.091000
    96	0 28755 0 63.657000
    97	0 29055 0 64.223000
    98	0 29355 0 64.789000
    99	0 29655 0 65.355000
   100	0 29955 0 65.921000
   101	0 30255 0 66.487000
   102	0 30555 0 67.053000
   103	0 30855 0 67.619000
   104	0 31155 0 68.185000
   105	0 31455 0 68.751000
   106	0 31755 0 69.317000
   107	0 32055 0 69.884000
   108	0 32355 0 70.450000
   109	0 32655 0 71.016000
   110	0 32955 0 71.582000
   111	0 33255 0 72.148000
   112	0 33555 0 72.714000
   113	0 33855 0 73.280000
   114	0 34155 0 73.846000
   115	0 34455 0 74.412000
   116	0 34755 0 74.978000
   117	0 35055 0 75.544000
   118	0 35355 0 76.110000
   119	0 35655 0 76.676000
   120	0 35955 0 77.242000
   121	0 36255 0 77.808000
   122	0 36555 0 78.374000
   123	0 36855 0 78.940000
   124	0 37155 0 79.506000
   125	0 37455 0 80.072000
   126	0 37755 0 80.638000
   127	0 38055 0 81.204000
   128	0 38355 0 81.770000
   129	0 38655 0 82.336000
   130	0 38955 0 82.902000
   131	0 39255 0 83.468000
   132	0 39555 0 84.034000
   133	0 39855 0 84.600000
   134	0 40054 0 85.167000
   135	0 40354 0 85.733000
   136	0 40654 0 86.299000
   137	0 40954 0 86.865000
   138	0 41254 0 87.431000
   139	0 41554 0 87.997000
   140	0 41854 0 88.563000
   141	0 42154 0 89.130000
   142	0 42454 0 89.696000
   143	0 42754 0 90.262000
   144	0 43054 0 90.828000
   145	0 43354 0 91.394000
   146	0 43654 0 91.960000
   147	0 43954 0 92.527000
   148	0 44254 0 93.093000
   149	0 44554 0 93.659000
   150	0 44854 0 94.225000
   151	0 45154 0 94.791000
   152	0 45454 0 95.358000
   153	0 45754 0 95.924000
   154	0 46054 0 96.490000
   155	0 46354 0 97.056000
   156	0 46654 0 97.622000
   157	0 46954 0 98.189000
   158	0 47254 0 98.755000
   159	0 47554 0 99.321000
   160	0 47854 0 99.887000
   161	0 48154 0 100.453000
   162	0 48454 0 101.020000
   163	0 48754 0 101.586000
   164	0 49054 0 102.152000
   165	0 49354 0 102.718000
   166	0 49654 0 103.284000
   167	0 49954 0 103.851000
   168	0 50254 0 104.417000
   169	0 50554 0 104.983000
   170	0 50854 0 105.549000
   171	0 51154 0 106.116000
   172	0 51454 0 106.682000
   173	0 51754 0 107.248000
   174	0 52054 0 107.814000
   175	0 52354 0 108.381000
   176	0 52654 0 108.947000
   177	0 52954 0 109.513000
   178	0 53254 0 110.079000
   179	0 53554 0 110.646000
   180	0 53854 0 111.212000
   181	0 54154 0 111.778000
   182	0 54454 0 112.345000
   183	0 54754 0 112.911000
   184	0 55054 0 113.477000
   185	0 55354 0 114.043000
   186	0 55654 0 114.610000
   187	0 55954 0 115.176000
   188	0 56254 0 115.742000
   189	0 56554 0 116.308000
   190	0 56854 0 116.875000
   191	0 57154 0 117.441000
   192	0 57454 0 118.007000
   193	0 57754 0 118.574000
   194	0 58054 0 119.140000
   195	0 58354 0 119.706000
   196	0 58654 0 120.273000
   197	0 58954 0 120.839000
   198	0 59254 0 121.405000
   199	0 59554 0 121.971000
   200	0 59854 0 122.538000
   201	0 60154 0 123.104000
   202	0 60454 0 123.670000
   203	0 60754 0 124.237000
   204	0 61054 0 124.803000
   205	0 61354 0 125.369000
   206	0 61654 0 125.936000
   207	0 61954 0 126.502000
   208	0 62254 0 127.068000
   209	0 62554 0 127.635000
   210	0 62854 0 128.201000
   211	0 63154 0 128.767000
   212	0 63454 0 129.334000
   213	0 63754 0 129.900000
   214	0 64054 0 130.466000
   215	0 64354 0 131.033000
   216	0 64654 0 131.599000
   217	0 64954 0 132.165000
   218	0 65254 0 132.732000
   219	0 65554 0 133.298000
   220	0 65854 0 133.864000
   221	0 66154 0 134.431000
   222	0 66454 0 134.997000
   223	0 66754 0 135.564000
   224	0 67054 0 136.130000
   225	0 67354 0 136.696000
   226	0 67654 0 137.263000
   227	0 67954 0 137.829000
   228	0 68254 0 138.395000
   229	0 68554 0 138.962000
   230	0 68854 0 139.528000
   231	0 69154 0 140.094000
   232	0 69454 0 140.661000
   233	0 69754 0 141.227000
   234	0 70054 0 141.794000
   235	0 70354 0 142.360000
   236	0 70654 0 142.926000
   237	0 70954 0 143.493000
   238	0 71254 0 144.059000
   239	0 71554 0 144.626000
   240	0 71854 0 145.192000
   241	0 72154 0 145.759000
   242	0 72454 0 146.325000
   243	0 72754 0 146.892000
   244	0 73054 0 147.459000
   245	0 73354 0 148.025000
   246	0 73654 0 148.592000
   247	0 73954 0 149.159000
   248	0 74254 0 149.726000
   249	0 74554 0 150.294000
   250	0 74854 0 150.861000
   251	0 75154 0 151.429000
   252	0 75454 0 151.996000
   253	0 75754 0 152.562000
   254	0 76054 0 153.129000
   255	0 76354 0 153.695000
   256	0 76654 0 154.261000
   257	0 76945 0 154.827000
   258	0 77354 0 155.392000
   259	0 77654 0 155.957000
   260	0 77954 0 156.522000
   261	0 78254 0 157.087000
   262	0 78554 0 157.651000
   263	0 78854 0 158.216000
   264	0 79154 0 158.781000
   265	0 79454 0 159.345000
   266	0 79754 0 159.910000
   267	0 80054 0 160.475000
   268	0 80354 0 161.040000
   269	0 80654 0 161.604000
   270	0 80954 0 162.169000
   271	0 81254 0 162.734000
   272	0 81554 0 163.299000
   273	0 81854 0 163.863000
   274	0 82154 0 164.428000
   275	0 82454 0 164.993000
   276	0 82754 0 165.558000
   277	0 83054 0 166.122000
   278	0 83354 0 166.687000
   279	0 83654 0 167.252000
   280	0 83954 0 167.817000
   281	0 84153 0 168.383000
   282	0 84453 0 168.949000
   283	0 84753 0 169.514000
   284	0 85053 0 170.080000
   285	0 85353 0 170.646000
   286	0 85653 0 171.211000
   287	0 85953 0 171.777000
   288	0 86253 0 172.343000
   289	0 86553 0 172.908000
   290	0 86853 0 173.474000
   291	0 87153 0 174.040000
   292	0 87453 0 174.605000
   293	0 87753 0 175.171000
   294	0 88053 0 175.737000
   295	0 88353 0 176.302000
   296	0 88653 0 176.866000
   297	0 88953 0 177.426000
   298	0 89253 0 177.965000
   299	0 89553 0 178.427000
   300	0 89853 0 178.698000
