     1	0 149 0 10.189000
     2	0 449 0 10.588000
     3	0 749 0 11.064000
     4	0 1049 0 11.623000
     5	0 1349 0 12.201000
     6	0 1649 0 12.774000
     7	0 1949 0 13.343000
     8	0 2249 0 13.911000
     9	0 2549 0 14.477000
    10	0 2849 0 15.043000
    11	0 3149 0 15.608000
    12	0 3449 0 16.174000
    13	0 3749 0 16.739000
    14	0 4049 0 17.304000
    15	0 4349 0 17.869000
    16	0 4649 0 18.434000
    17	0 4949 0 18.999000
    18	0 5249 0 19.564000
    19	0 5549 0 20.129000
    20	0 5849 0 20.694000
    21	0 6149 0 21.259000
    22	0 6449 0 21.824000
    23	0 6749 0 22.388000
    24	0 7049 0 22.953000
    25	0 7349 0 23.518000
    26	0 7649 0 24.083000
    27	0 7949 0 24.648000
    28	0 8249 0 25.213000
    29	0 8549 0 25.778000
    30	0 8849 0 26.343000
    31	0 9149 0 26.908000
    32	0 9449 0 27.473000
    33	0 9749 0 28.038000
    34	0 10049 0 28.603000
    35	0 10413 0 29.167000
    36	0 10701 0 29.732000
    37	0 10991 0 30.297000
    38	0 11286 0 30.862000
    39	0 11549 0 31.427000
    40	0 11910 0 31.991000
    41	0 12204 0 32.556000
    42	0 12513 0 33.120000
    43	0 12822 0 33.684000
    44	0 13122 0 34.248000
    45	0 13416 0 34.812000
    46	0 13722 0 35.375000
    47	0 14019 0 35.938000
    48	0 14322 0 36.500000
    49	0 14616 0 37.062000
    50	0 14934 0 37.622000
    51	0 15219 0 38.186000
    52	0 15351 0 38.752000
    53	0 15822 0 39.318000
    54	0 16125 0 39.884000
    55	0 16422 0 40.451000
    56	0 16737 0 41.017000
    57	0 17034 0 41.584000
    58	0 17144 0 42.152000
    59	0 17614 0 42.719000
    60	0 17911 0 43.286000
    61	0 18218 0 43.853000
    62	0 18464 0 44.421000
    63	0 18704 0 44.988000
    64	0 19002 0 45.556000
    65	0 19304 0 46.123000
    66	0 19601 0 46.691000
    67	0 19900 0 47.258000
    68	0 20198 0 47.826000
    69	0 20501 0 48.393000
    70	0 20799 0 48.961000
    71	0 21102 0 49.528000
    72	0 21399 0 50.096000
    73	0 21703 0 50.663000
    74	0 21996 0 51.231000
    75	0 22300 0 51.798000
    76	0 22596 0 52.366000
    77	0 22895 0 52.934000
    78	0 23197 0 53.501000
    79	0 23494 0 54.069000
    80	0 23796 0 54.636000
    81	0 24091 0 55.204000
    82	0 24394 0 55.771000
    83	0 24692 0 56.339000
    84	0 24994 0 56.906000
    85	0 25291 0 57.474000
    86	0 25594 0 58.041000
    87	0 25888 0 58.609000
    88	0 26191 0 59.176000
    89	0 26489 0 59.744000
    90	0 26792 0 60.311000
    91	0 27088 0 60.879000
    92	0 27392 0 61.446000
    93	0 27686 0 62.014000
    94	0 27994 0 62.581000
    95	0 28286 0 63.149000
    96	0 28596 0 63.716000
    97	0 28885 0 64.284000
    98	0 29180 0 64.852000
    99	0 29486 0 65.419000
   100	0 29779 0 65.987000
   101	0 30083 0 66.554000
   102	0 30379 0 67.122000
   103	0 30682 0 67.689000
   104	0 30977 0 68.257000
   105	0 31283 0 68.824000
   106	0 31576 0 69.392000
   107	0 31880 0 69.959000
   108	0 32175 0 70.527000
   109	0 32480 0 71.094000
   110	0 32775 0 71.662000
   111	0 33080 0 72.229000
   112	0 33371 0 72.797000
   113	0 33681 0 73.364000
   114	0 33970 0 73.932000
   115	0 34278 0 74.499000
   116	0 34570 0 75.067000
   117	0 34878 0 75.634000
   118	0 35167 0 76.202000
   119	0 35479 0 76.769000
   120	0 35767 0 77.337000
   121	0 36077 0 77.904000
   122	0 36367 0 78.472000
   123	0 36677 0 79.039000
   124	0 36965 0 79.607000
   125	0 37280 0 80.174000
   126	0 37564 0 80.742000
   127	0 37861 0 81.310000
   128	0 38164 0 81.877000
   129	0 38461 0 82.445000
   130	0 38764 0 83.012000
   131	0 39061 0 83.580000
   132	0 39362 0 84.147000
   133	0 39658 0 84.715000
   134	0 39961 0 85.282000
   135	0 40258 0 85.850000
   136	0 40561 0 86.417000
   137	0 40858 0 86.985000
   138	0 41161 0 87.552000
   139	0 41567 0 88.119000
   140	0 41758 0 88.687000
   141	0 42167 0 89.254000
   142	0 42358 0 89.822000
   143	0 42767 0 90.389000
   144	0 42958 0 90.957000
   145	0 43367 0 91.524000
   146	0 43558 0 92.092000
   147	0 43858 0 92.659000
   148	0 44343 0 93.226000
   149	0 44458 0 93.794000
   150	0 44867 0 94.361000
   151	0 45058 0 94.929000
   152	0 45432 0 95.496000
   153	0 45658 0 96.064000
   154	0 46032 0 96.631000
   155	0 46367 0 97.198000
   156	0 46631 0 97.766000
   157	0 46932 0 98.333000
   158	0 47158 0 98.901000
   159	0 47532 0 99.468000
   160	0 47867 0 100.035000
   161	0 48132 0 100.603000
   162	0 48432 0 101.170000
   163	0 48732 0 101.738000
   164	0 49032 0 102.305000
   165	0 49367 0 102.872000
   166	0 49632 0 103.440000
   167	0 49932 0 104.007000
   168	0 50232 0 104.575000
   169	0 50532 0 105.142000
   170	0 50832 0 105.709000
   171	0 51132 0 106.277000
   172	0 51432 0 106.844000
   173	0 51767 0 107.411000
   174	0 52032 0 107.979000
   175	0 52332 0 108.546000
   176	0 52632 0 109.114000
   177	0 52932 0 109.681000
   178	0 53232 0 110.248000
   179	0 53532 0 110.816000
   180	0 53832 0 111.383000
   181	0 54132 0 111.950000
   182	0 54432 0 112.518000
   183	0 54732 0 113.085000
   184	0 55032 0 113.652000
   185	0 55332 0 114.220000
   186	0 55632 0 114.787000
   187	0 55932 0 115.354000
   188	0 56232 0 115.922000
   189	0 56532 0 116.489000
   190	0 56832 0 117.056000
   191	0 57132 0 117.624000
   192	0 57432 0 118.191000
   193	0 57732 0 118.758000
   194	0 58032 0 119.326000
   195	0 58332 0 119.893000
   196	0 58632 0 120.460000
   197	0 58932 0 121.028000
   198	0 59232 0 121.595000
   199	0 59532 0 122.162000
   200	0 59832 0 122.730000
   201	0 60132 0 123.297000
   202	0 60432 0 123.864000
   203	0 60732 0 124.431000
   204	0 61032 0 124.999000
   205	0 61332 0 125.566000
   206	0 61632 0 126.133000
   207	0 61932 0 126.701000
   208	0 62232 0 127.268000
   209	0 62532 0 127.835000
   210	0 62832 0 128.402000
   211	0 63132 0 128.970000
   212	0 63432 0 129.537000
   213	0 63732 0 130.104000
   214	0 64032 0 130.672000
   215	0 64332 0 131.239000
   216	0 64632 0 131.806000
   217	0 64932 0 132.373000
   218	0 65232 0 132.941000
   219	0 65532 0 133.508000
   220	0 65832 0 134.075000
   221	0 66132 0 134.642000
   222	0 66432 0 135.210000
   223	0 66732 0 135.777000
   224	0 67032 0 136.344000
   225	0 67332 0 136.911000
   226	0 67632 0 137.479000
   227	0 67932 0 138.046000
   228	0 68232 0 138.613000
   229	0 68532 0 139.180000
   230	0 68942 0 139.747000
   231	0 69132 0 140.315000
   232	0 69432 0 140.882000
   233	0 69842 0 141.449000
   234	0 70142 0 142.016000
   235	0 70332 0 142.584000
   236	0 70632 0 143.151000
   237	0 71042 0 143.718000
   238	0 71232 0 144.286000
   239	0 71532 0 144.853000
   240	0 71942 0 145.420000
   241	0 72132 0 145.988000
   242	0 72542 0 146.555000
   243	0 72842 0 147.123000
   244	0 73142 0 147.691000
   245	0 73442 0 148.259000
   246	0 73742 0 148.827000
   247	0 74042 0 149.396000
   248	0 74342 0 149.965000
   249	0 74642 0 150.535000
   250	0 74942 0 151.105000
   251	0 75132 0 151.674000
   252	0 75542 0 152.241000
   253	0 75842 0 152.807000
   254	0 76032 0 153.374000
   255	0 76442 0 153.939000
   256	0 76742 0 154.505000
   257	0 77042 0 155.070000
   258	0 77342 0 155.635000
   259	0 77642 0 156.200000
   260	0 77942 0 156.765000
   261	0 78242 0 157.330000
   262	0 78542 0 157.894000
   263	0 78842 0 158.459000
   264	0 79142 0 159.024000
   265	0 79442 0 159.588000
   266	0 79742 0 160.153000
   267	0 80042 0 160.718000
   268	0 80342 0 161.282000
   269	0 80642 0 161.847000
   270	0 80942 0 162.411000
   271	0 81242 0 162.976000
   272	0 81542 0 163.540000
   273	0 81842 0 164.105000
   274	0 82142 0 164.669000
   275	0 82442 0 165.234000
   276	0 82742 0 165.799000
   277	0 83042 0 166.363000
   278	0 83342 0 166.928000
   279	0 83642 0 167.492000
   280	0 83942 0 168.057000
   281	0 84242 0 168.621000
   282	0 84542 0 169.186000
   283	0 84842 0 169.750000
   284	0 85142 0 170.315000
   285	0 85442 0 170.879000
   286	0 85742 0 171.444000
   287	0 86042 0 172.008000
   288	0 86342 0 172.573000
   289	0 86642 0 173.137000
   290	0 86942 0 173.702000
   291	0 87242 0 174.267000
   292	0 87542 0 174.831000
   293	0 87842 0 175.396000
   294	0 88142 0 175.960000
   295	0 88442 0 176.524000
   296	0 88742 0 177.087000
   297	0 89042 0 177.646000
   298	0 89407 0 178.166000
   299	0 89976 0 178.439000
   300	0 89942 0 178.916000
