     1	0 199 0 10.189000
     2	0 499 0 10.588000
     3	0 799 0 11.064000
     4	0 1099 0 11.623000
     5	0 1399 0 12.201000
     6	0 1699 0 12.774000
     7	0 1999 0 13.343000
     8	0 2299 0 13.911000
     9	0 2599 0 14.477000
    10	0 2899 0 15.043000
    11	0 3199 0 15.608000
    12	0 3499 0 16.174000
    13	0 3799 0 16.739000
    14	0 4099 0 17.304000
    15	0 4399 0 17.869000
    16	0 4699 0 18.434000
    17	0 4999 0 18.999000
    18	0 5299 0 19.564000
    19	0 5599 0 20.129000
    20	0 5899 0 20.694000
    21	0 6199 0 21.259000
    22	0 6499 0 21.824000
    23	0 6799 0 22.388000
    24	0 7099 0 22.953000
    25	0 7399 0 23.518000
    26	0 7699 0 24.083000
    27	0 7999 0 24.648000
    28	0 8299 0 25.213000
    29	0 8599 0 25.778000
    30	0 8899 0 26.343000
    31	0 9199 0 26.908000
    32	0 9499 0 27.473000
    33	0 9799 0 28.038000
    34	0 10099 0 28.603000
    35	0 10211 0 29.168000
    36	0 10751 0 29.732000
    37	0 11041 0 30.297000
    38	0 11336 0 30.862000
    39	0 11599 0 31.427000
    40	0 11707 0 31.992000
    41	0 12254 0 32.556000
    42	0 12457 0 33.121000
    43	0 12744 0 33.686000
    44	0 13054 0 34.250000
    45	0 13454 0 34.814000
    46	0 13754 0 35.378000
    47	0 14054 0 35.942000
    48	0 14354 0 36.505000
    49	0 14654 0 37.068000
    50	0 14954 0 37.630000
    51	0 15254 0 38.195000
    52	0 15454 0 38.761000
    53	0 15855 0 39.326000
    54	0 16153 0 39.892000
    55	0 16456 0 40.458000
    56	0 16752 0 41.023000
    57	0 17057 0 41.590000
    58	0 17251 0 42.156000
    59	0 17540 0 42.722000
    60	0 17959 0 43.288000
    61	0 18138 0 43.855000
    62	0 18514 0 44.421000
    63	0 18784 0 44.988000
    64	0 19078 0 45.556000
    65	0 19384 0 46.123000
    66	0 19675 0 46.691000
    67	0 19980 0 47.258000
    68	0 20274 0 47.826000
    69	0 20583 0 48.393000
    70	0 20877 0 48.961000
    71	0 21186 0 49.528000
    72	0 21477 0 50.096000
    73	0 21787 0 50.663000
    74	0 22076 0 51.231000
    75	0 22388 0 51.798000
    76	0 22676 0 52.366000
    77	0 22973 0 52.934000
    78	0 23279 0 53.501000
    79	0 23570 0 54.069000
    80	0 23876 0 54.636000
    81	0 24169 0 55.204000
    82	0 24478 0 55.771000
    83	0 24772 0 56.339000
    84	0 25078 0 56.906000
    85	0 25369 0 57.474000
    86	0 25678 0 58.041000
    87	0 25968 0 58.609000
    88	0 26277 0 59.176000
    89	0 26571 0 59.744000
    90	0 26880 0 60.311000
    91	0 27168 0 60.879000
    92	0 27480 0 61.446000
    93	0 27768 0 62.014000
    94	0 28086 0 62.581000
    95	0 28370 0 63.149000
    96	0 28700 0 63.716000
    97	0 28967 0 64.284000
    98	0 29230 0 64.852000
    99	0 29570 0 65.419000
   100	0 29829 0 65.987000
   101	0 30169 0 66.554000
   102	0 30429 0 67.122000
   103	0 30738 0 67.689000
   104	0 31027 0 68.257000
   105	0 31369 0 68.824000
   106	0 31626 0 69.392000
   107	0 31930 0 69.959000
   108	0 32225 0 70.527000
   109	0 32537 0 71.094000
   110	0 32825 0 71.662000
   111	0 33137 0 72.229000
   112	0 33421 0 72.797000
   113	0 33762 0 73.364000
   114	0 34020 0 73.932000
   115	0 34328 0 74.499000
   116	0 34620 0 75.067000
   117	0 34936 0 75.634000
   118	0 35217 0 76.202000
   119	0 35563 0 76.769000
   120	0 35817 0 77.337000
   121	0 36164 0 77.904000
   122	0 36417 0 78.472000
   123	0 36775 0 79.039000
   124	0 37015 0 79.607000
   125	0 37382 0 80.174000
   126	0 37614 0 80.742000
   127	0 37911 0 81.310000
   128	0 38214 0 81.877000
   129	0 38511 0 82.445000
   130	0 38814 0 83.012000
   131	0 39111 0 83.580000
   132	0 39412 0 84.147000
   133	0 39708 0 84.715000
   134	0 40011 0 85.282000
   135	0 40308 0 85.850000
   136	0 40611 0 86.417000
   137	0 40908 0 86.985000
   138	0 41211 0 87.552000
   139	0 41505 0 88.120000
   140	0 41808 0 88.687000
   141	0 42105 0 89.255000
   142	0 42408 0 89.822000
   143	0 42705 0 90.390000
   144	0 43008 0 90.957000
   145	0 43305 0 91.525000
   146	0 43608 0 92.092000
   147	0 43902 0 92.660000
   148	0 44206 0 93.227000
   149	0 44502 0 93.795000
   150	0 44805 0 94.362000
   151	0 45102 0 94.930000
   152	0 45405 0 95.497000
   153	0 45700 0 96.065000
   154	0 46005 0 96.632000
   155	0 46299 0 97.200000
   156	0 46603 0 97.767000
   157	0 46899 0 98.335000
   158	0 47202 0 98.902000
   159	0 47499 0 99.470000
   160	0 47802 0 100.037000
   161	0 48096 0 100.605000
   162	0 48402 0 101.172000
   163	0 48696 0 101.740000
   164	0 49002 0 102.307000
   165	0 49296 0 102.875000
   166	0 49599 0 103.442000
   167	0 49896 0 104.010000
   168	0 50199 0 104.577000
   169	0 50493 0 105.145000
   170	0 50799 0 105.712000
   171	0 51093 0 106.280000
   172	0 51399 0 106.847000
   173	0 51693 0 107.415000
   174	0 51996 0 107.982000
   175	0 52290 0 108.550000
   176	0 52596 0 109.117000
   177	0 52890 0 109.685000
   178	0 53196 0 110.252000
   179	0 53490 0 110.820000
   180	0 53796 0 111.387000
   181	0 54087 0 111.955000
   182	0 54393 0 112.522000
   183	0 54687 0 113.090000
   184	0 54993 0 113.657000
   185	0 55287 0 114.225000
   186	0 55593 0 114.792000
   187	0 55884 0 115.360000
   188	0 56193 0 115.927000
   189	0 56484 0 116.495000
   190	0 56790 0 117.062000
   191	0 57084 0 117.630000
   192	0 57390 0 118.197000
   193	0 57681 0 118.765000
   194	0 57990 0 119.332000
   195	0 58281 0 119.900000
   196	0 58590 0 120.467000
   197	0 58878 0 121.035000
   198	0 59187 0 121.602000
   199	0 59476 0 122.170000
   200	0 59787 0 122.737000
   201	0 60075 0 123.305000
   202	0 60387 0 123.872000
   203	0 60672 0 124.440000
   204	0 60987 0 125.007000
   205	0 61290 0 125.574000
   206	0 61584 0 126.142000
   207	0 61890 0 126.709000
   208	0 62184 0 127.277000
   209	0 62487 0 127.844000
   210	0 62784 0 128.412000
   211	0 63087 0 128.979000
   212	0 63381 0 129.547000
   213	0 63687 0 130.114000
   214	0 63981 0 130.682000
   215	0 64287 0 131.249000
   216	0 64581 0 131.817000
   217	0 64884 0 132.384000
   218	0 65178 0 132.952000
   219	0 65484 0 133.519000
   220	0 65778 0 134.087000
   221	0 66084 0 134.654000
   222	0 66376 0 135.222000
   223	0 66684 0 135.789000
   224	0 66975 0 136.357000
   225	0 67281 0 136.924000
   226	0 67575 0 137.492000
   227	0 67881 0 138.059000
   228	0 68172 0 138.627000
   229	0 68481 0 139.194000
   230	0 68772 0 139.762000
   231	0 69081 0 140.329000
   232	0 69372 0 140.897000
   233	0 69681 0 141.464000
   234	0 69972 0 142.032000
   235	0 70281 0 142.599000
   236	0 70575 0 143.167000
   237	0 70881 0 143.734000
   238	0 71175 0 144.302000
   239	0 71633 0 144.869000
   240	0 71779 0 145.437000
   241	0 72078 0 146.005000
   242	0 72375 0 146.573000
   243	0 72675 0 147.141000
   244	0 72975 0 147.709000
   245	0 73278 0 148.277000
   246	0 73575 0 148.846000
   247	0 73875 0 149.415000
   248	0 74278 0 149.984000
   249	0 74518 0 150.554000
   250	0 74933 0 151.124000
   251	0 75233 0 151.693000
   252	0 75375 0 152.261000
   253	0 75675 0 152.828000
   254	0 76022 0 153.394000
   255	0 76380 0 153.960000
   256	0 76618 0 154.526000
   257	0 76872 0 155.092000
   258	0 77215 0 155.657000
   259	0 77580 0 156.222000
   260	0 77932 0 156.787000
   261	0 78232 0 157.352000
   262	0 78532 0 157.917000
   263	0 78832 0 158.482000
   264	0 79132 0 159.047000
   265	0 79432 0 159.612000
   266	0 79680 0 160.177000
   267	0 79978 0 160.742000
   268	0 80221 0 161.307000
   269	0 80517 0 161.872000
   270	0 80775 0 162.437000
   271	0 81072 0 163.002000
   272	0 81372 0 163.567000
   273	0 81832 0 164.131000
   274	0 82132 0 164.696000
   275	0 82379 0 165.261000
   276	0 82679 0 165.826000
   277	0 82921 0 166.391000
   278	0 83219 0 166.956000
   279	0 83472 0 167.521000
   280	0 83772 0 168.086000
   281	0 84232 0 168.650000
   282	0 84531 0 169.215000
   283	0 84831 0 169.780000
   284	0 85079 0 170.345000
   285	0 85379 0 170.910000
   286	0 85618 0 171.475000
   287	0 85872 0 172.040000
   288	0 86172 0 172.605000
   289	0 86631 0 173.169000
   290	0 86931 0 173.734000
   291	0 87231 0 174.299000
   292	0 87479 0 174.864000
   293	0 87720 0 175.429000
   294	0 88018 0 175.994000
   295	0 88431 0 176.558000
   296	0 88620 0 177.122000
   297	0 88918 0 177.681000
   298	0 89672 0 178.173000
   299	0 89960 0 178.539000
   300	0 89931 0 178.951000
