     1	0 249 0 10.189000
     2	0 549 0 10.588000
     3	0 849 0 11.064000
     4	0 1149 0 11.623000
     5	0 1449 0 12.201000
     6	0 1749 0 12.774000
     7	0 2049 0 13.343000
     8	0 2349 0 13.911000
     9	0 2649 0 14.477000
    10	0 2949 0 15.043000
    11	0 3249 0 15.608000
    12	0 3549 0 16.174000
    13	0 3849 0 16.739000
    14	0 4149 0 17.304000
    15	0 4449 0 17.869000
    16	0 4749 0 18.434000
    17	0 5049 0 18.999000
    18	0 5349 0 19.564000
    19	0 5649 0 20.129000
    20	0 5949 0 20.694000
    21	0 6249 0 21.259000
    22	0 6549 0 21.824000
    23	0 6849 0 22.388000
    24	0 7149 0 22.953000
    25	0 7449 0 23.518000
    26	0 7749 0 24.083000
    27	0 8049 0 24.648000
    28	0 8349 0 25.213000
    29	0 8649 0 25.778000
    30	0 8949 0 26.343000
    31	0 9249 0 26.908000
    32	0 9549 0 27.473000
    33	0 9849 0 28.038000
    34	0 10149 0 28.603000
    35	0 10355 0 29.168000
    36	0 10647 0 29.733000
    37	0 10833 0 30.298000
    38	0 11123 0 30.863000
    39	0 11649 0 31.427000
    40	0 11853 0 31.992000
    41	0 12149 0 32.557000
    42	0 12447 0 33.122000
    43	0 12641 0 33.687000
    44	0 12937 0 34.252000
    45	0 13231 0 34.817000
    46	0 13531 0 35.382000
    47	0 13829 0 35.947000
    48	0 14127 0 36.512000
    49	0 14425 0 37.077000
    50	0 14723 0 37.642000
    51	0 15021 0 38.207000
    52	0 15329 0 38.771000
    53	0 15629 0 39.336000
    54	0 15927 0 39.901000
    55	0 16227 0 40.466000
    56	0 16527 0 41.031000
    57	0 16825 0 41.596000
    58	0 17125 0 42.161000
    59	0 17431 0 42.726000
    60	0 17858 0 43.291000
    61	0 18269 0 43.856000
    62	0 18581 0 44.421000
    63	0 18834 0 44.988000
    64	0 19128 0 45.556000
    65	0 19434 0 46.123000
    66	0 19725 0 46.691000
    67	0 20030 0 47.258000
    68	0 20324 0 47.826000
    69	0 20633 0 48.393000
    70	0 20927 0 48.961000
    71	0 21236 0 49.528000
    72	0 21527 0 50.096000
    73	0 21837 0 50.663000
    74	0 22126 0 51.231000
    75	0 22438 0 51.798000
    76	0 22726 0 52.366000
    77	0 23023 0 52.934000
    78	0 23329 0 53.501000
    79	0 23620 0 54.069000
    80	0 23926 0 54.636000
    81	0 24219 0 55.204000
    82	0 24528 0 55.771000
    83	0 24822 0 56.339000
    84	0 25128 0 56.906000
    85	0 25419 0 57.474000
    86	0 25728 0 58.041000
    87	0 26018 0 58.609000
    88	0 26327 0 59.176000
    89	0 26621 0 59.744000
    90	0 26930 0 60.311000
    91	0 27218 0 60.879000
    92	0 27530 0 61.446000
    93	0 27818 0 62.014000
    94	0 28136 0 62.581000
    95	0 28420 0 63.149000
    96	0 28627 0 63.717000
    97	0 29017 0 64.284000
    98	0 29308 0 64.852000
    99	0 29620 0 65.419000
   100	0 29907 0 65.987000
   101	0 30219 0 66.554000
   102	0 30507 0 67.122000
   103	0 30816 0 67.689000
   104	0 31107 0 68.257000
   105	0 31419 0 68.824000
   106	0 31706 0 69.392000
   107	0 32016 0 69.959000
   108	0 32303 0 70.527000
   109	0 32618 0 71.094000
   110	0 32901 0 71.662000
   111	0 33218 0 72.229000
   112	0 33497 0 72.797000
   113	0 33819 0 73.364000
   114	0 34096 0 73.932000
   115	0 34418 0 74.499000
   116	0 34696 0 75.067000
   117	0 35020 0 75.634000
   118	0 35295 0 76.202000
   119	0 35621 0 76.769000
   120	0 35895 0 77.337000
   121	0 36223 0 77.904000
   122	0 36495 0 78.472000
   123	0 36825 0 79.039000
   124	0 37095 0 79.607000
   125	0 37445 0 80.174000
   126	0 37694 0 80.742000
   127	0 37993 0 81.310000
   128	0 38294 0 81.877000
   129	0 38593 0 82.445000
   130	0 38894 0 83.012000
   131	0 39193 0 83.580000
   132	0 39494 0 84.147000
   133	0 39792 0 84.715000
   134	0 40093 0 85.282000
   135	0 40392 0 85.850000
   136	0 40693 0 86.417000
   137	0 40992 0 86.985000
   138	0 41293 0 87.552000
   139	0 41591 0 88.120000
   140	0 41892 0 88.687000
   141	0 42191 0 89.255000
   142	0 42492 0 89.822000
   143	0 42791 0 90.390000
   144	0 43092 0 90.957000
   145	0 43391 0 91.525000
   146	0 43692 0 92.092000
   147	0 43990 0 92.660000
   148	0 44292 0 93.227000
   149	0 44590 0 93.795000
   150	0 44891 0 94.362000
   151	0 45190 0 94.930000
   152	0 45491 0 95.497000
   153	0 45790 0 96.065000
   154	0 46091 0 96.632000
   155	0 46389 0 97.200000
   156	0 46691 0 97.767000
   157	0 46989 0 98.335000
   158	0 47290 0 98.902000
   159	0 47589 0 99.470000
   160	0 47890 0 100.037000
   161	0 48188 0 100.605000
   162	0 48490 0 101.172000
   163	0 48788 0 101.740000
   164	0 49090 0 102.307000
   165	0 49388 0 102.875000
   166	0 49689 0 103.442000
   167	0 49988 0 104.010000
   168	0 50289 0 104.577000
   169	0 50587 0 105.145000
   170	0 50889 0 105.712000
   171	0 51187 0 106.280000
   172	0 51489 0 106.847000
   173	0 51787 0 107.415000
   174	0 52088 0 107.982000
   175	0 52386 0 108.550000
   176	0 52688 0 109.117000
   177	0 52986 0 109.685000
   178	0 53288 0 110.252000
   179	0 53586 0 110.820000
   180	0 53888 0 111.387000
   181	0 54185 0 111.955000
   182	0 54487 0 112.522000
   183	0 54785 0 113.090000
   184	0 55087 0 113.657000
   185	0 55385 0 114.225000
   186	0 55687 0 114.792000
   187	0 55984 0 115.360000
   188	0 56287 0 115.927000
   189	0 56584 0 116.495000
   190	0 56886 0 117.062000
   191	0 57184 0 117.630000
   192	0 57486 0 118.197000
   193	0 57783 0 118.765000
   194	0 58086 0 119.332000
   195	0 58383 0 119.900000
   196	0 58686 0 120.467000
   197	0 58982 0 121.035000
   198	0 59285 0 121.602000
   199	0 59582 0 122.170000
   200	0 59885 0 122.737000
   201	0 60181 0 123.305000
   202	0 60485 0 123.872000
   203	0 60780 0 124.440000
   204	0 61085 0 125.007000
   205	0 61386 0 125.574000
   206	0 61684 0 126.142000
   207	0 61986 0 126.709000
   208	0 62284 0 127.277000
   209	0 62585 0 127.844000
   210	0 62884 0 128.412000
   211	0 63185 0 128.979000
   212	0 63483 0 129.547000
   213	0 63785 0 130.114000
   214	0 64083 0 130.682000
   215	0 64385 0 131.249000
   216	0 64683 0 131.817000
   217	0 64984 0 132.384000
   218	0 65282 0 132.952000
   219	0 65584 0 133.519000
   220	0 65882 0 134.087000
   221	0 66184 0 134.654000
   222	0 66482 0 135.222000
   223	0 66784 0 135.789000
   224	0 67081 0 136.357000
   225	0 67383 0 136.924000
   226	0 67681 0 137.492000
   227	0 67983 0 138.059000
   228	0 68280 0 138.627000
   229	0 68583 0 139.194000
   230	0 68880 0 139.762000
   231	0 69183 0 140.329000
   232	0 69480 0 140.897000
   233	0 69783 0 141.464000
   234	0 70080 0 142.032000
   235	0 70383 0 142.599000
   236	0 70681 0 143.167000
   237	0 70983 0 143.734000
   238	0 71281 0 144.302000
   239	0 71519 0 144.870000
   240	0 71883 0 145.437000
   241	0 72182 0 146.005000
   242	0 72481 0 146.573000
   243	0 72781 0 147.141000
   244	0 73081 0 147.709000
   245	0 73382 0 148.277000
   246	0 73681 0 148.846000
   247	0 73981 0 149.415000
   248	0 74213 0 149.985000
   249	0 74504 0 150.555000
   250	0 74819 0 151.125000
   251	0 75119 0 151.694000
   252	0 75481 0 152.261000
   253	0 75781 0 152.828000
   254	0 76010 0 153.395000
   255	0 76316 0 153.961000
   256	0 76604 0 154.527000
   257	0 76980 0 155.092000
   258	0 77204 0 155.658000
   259	0 77516 0 156.223000
   260	0 77819 0 156.788000
   261	0 78119 0 157.353000
   262	0 78419 0 157.918000
   263	0 78719 0 158.483000
   264	0 79019 0 159.048000
   265	0 79319 0 159.613000
   266	0 79616 0 160.178000
   267	0 79914 0 160.743000
   268	0 80213 0 161.308000
   269	0 80507 0 161.873000
   270	0 80801 0 162.438000
   271	0 81180 0 163.002000
   272	0 81480 0 163.567000
   273	0 81719 0 164.132000
   274	0 82019 0 164.697000
   275	0 82316 0 165.262000
   276	0 82616 0 165.827000
   277	0 82913 0 166.392000
   278	0 83210 0 166.957000
   279	0 83507 0 167.522000
   280	0 83798 0 168.087000
   281	0 84119 0 168.651000
   282	0 84419 0 169.216000
   283	0 84719 0 169.781000
   284	0 85016 0 170.346000
   285	0 85316 0 170.911000
   286	0 85613 0 171.476000
   287	0 85910 0 172.041000
   288	0 86207 0 172.606000
   289	0 86504 0 173.171000
   290	0 86795 0 173.736000
   291	0 87119 0 174.300000
   292	0 87416 0 174.865000
   293	0 87716 0 175.430000
   294	0 88013 0 175.995000
   295	0 88304 0 176.560000
   296	0 88616 0 177.123000
   297	0 88913 0 177.682000
   298	0 89335 0 178.214000
   299	0 89569 0 178.660000
   300	0 89804 0 178.953000
